1 14 6282 6334 9334 9361 11372 11343 9263 362 3380 6402 6332 395 348 3288 
1 9 9496 537 6236 9387 9252 11260 334 389 3380 
1 3 6332 11245 9346 
1 10 11467 9511 6462 9570 552 6595 3572 9496 3207 6282 
1 10 362 389 3324 279 388 6558 17 11515 6401 548 
1 11 6282 349 3340 9388 321 11305 9320 9347 3368 3231 11366 
1 16 3474 11404 6470 3585 6440 11542 9414 469 573 514 6441 9428 6521 11444 3312 6282 
1 4 6389 6257 9320 9294 
1 5 321 11276 11219 375 6521 
1 18 9320 11305 9294 9264 9238 3522 6487 425 6524 482 3474 9416 11544 561 6540 11499 3690 9655 
1 27 9347 6325 6349 374 3326 241 11360 336 11264 9281 11346 6622 6469 6570 529 11494 3423 9575 11531 563 3558 3530 6542 6712 3692 11640 663 
1 7 6469 3512 9363 6241 391 68 3314 
1 4 336 11318 9335 6336 
1 8 6336 6286 6241 11456 9498 3262 6598 516 
1 5 241 309 11388 6535 495 
1 22 6469 587 3547 11494 6444 6488 3397 11445 11417 9572 11544 571 3299 9515 11653 692 6693 11638 9655 6934 3679 11640 
1 6 6488 589 3574 6568 3530 9517 
1 4 11531 11547 11560 6488 
1 11 3326 3271 6377 526 9375 3522 9456 3499 6521 11505 9496 
1 10 6535 11431 564 9524 3500 6524 6501 11481 3535 514 
1 10 564 3355 11493 6377 6263 6325 9347 9320 6257 6389 
1 6 564 11533 9443 3398 495 6469 
1 14 495 9482 529 9486 6488 589 3574 6581 6555 9517 11499 708 3705 692 
1 6 9515 6725 3688 707 9652 692 
1 8 3544 524 6567 9290 6321 3351 6347 3380 
1 24 362 389 3324 3295 3230 548 9508 9400 3544 524 402 9544 11466 3392 11528 3256 3309 11341 3759 11216 11370 3267 9341 233 
1 19 362 389 3324 279 3381 11515 9439 9546 584 506 11467 6464 9427 11430 3497 6416 3458 6511 3544 
1 17 3544 467 6416 3497 11430 9427 11413 3410 6499 6522 3434 6431 9468 11479 491 11427 3562 
1 7 6332 395 9398 3384 11312 3272 6296 
1 13 9398 9327 11386 400 11357 11301 11247 3392 6546 11441 422 9558 11479 
1 9 3458 9521 3559 11399 536 11479 6483 11411 11550 
1 15 11383 9396 9371 6344 6373 331 386 216 11370 11216 9236 9359 13737 6413 3320 
1 9 11301 347 3281 3393 9274 3320 13739 233 6459 
1 8 536 422 513 572 11543 6435 11503 560 
1 11 11370 216 386 331 3293 3203 6232 9554 535 6579 11503 
1 21 11370 294 11322 342 9289 3378 6373 6319 9249 3507 9568 9466 11477 9493 6520 6435 474 3412 11441 9452 11399 
1 8 525 504 11490 9481 476 6429 462 3562 
1 11 11477 6593 11514 11464 9481 476 9423 9576 754 741 11670 
1 17 525 504 9465 11438 458 3452 6451 6423 11437 11405 588 3573 737 568 3722 705 3686 
1 14 11550 9548 6761 744 3741 6747 9701 11652 9651 3663 9617 11603 6677 657 
1 10 6747 723 3707 11686 754 3757 3575 6597 409 3452 
1 8 3663 3636 3639 637 6652 11657 3649 9606 
1 13 3663 660 6695 6709 11639 676 11622 693 6711 3709 3696 713 10104 
1 16 11542 9429 494 3553 6562 3569 557 3718 6739 9692 541 11522 11679 6561 9690 9660 
1 11 11542 9429 494 3553 6562 3414 3583 6590 9551 3484 11522 
1 11 9692 541 11522 11539 581 3550 3581 6586 11691 3548 10104 
1 9 11666 9527 6552 6723 543 9541 9421 6418 3585 
1 13 11666 12549 3700 6720 9676 11663 9660 716 6716 699 730 11659 3696 
1 7 9515 9681 3703 9665 11651 704 11666 
1 12 11666 6690 9648 13575 9646 665 9596 6650 9627 599 6626 11735 
1 13 11666 6690 9648 9679 9650 6687 6673 668 3674 3673 13582 6626 11735 
1 12 11666 704 11651 9665 3684 688 3675 11634 673 11618 9630 656 
1 12 11666 704 11651 9665 3684 688 3675 11634 673 9633 6678 6680 
1 3 11651 9679 13575 
1 8 9660 11625 6670 3623 619 3617 11787 9606 
1 11 9660 6703 682 3670 9611 11581 3592 3601 13673 11564 11735 
1 10 11586 11580 3617 619 6647 9595 624 11581 596 9596 
1 10 11581 3592 3601 591 6611 984 3974 3924 3943 11901 
1 9 11586 11583 6634 9602 9890 9906 11832 3882 3833 
1 6 11586 11583 6634 9602 9890 9874 
1 17 9833 6895 3893 11905 878 9862 6923 3937 3908 949 965 11868 11887 9602 6634 11583 11586 
1 8 949 3971 3952 3819 6842 9769 649 9783 
1 2 3952 3796 
1 2 6842 9612 
1 4 13864 9914 10245 11767 
1 11 4109 3988 1109 976 863 6930 3844 10163 11818 3526 3833 
1 23 9990 12066 3901 10027 3968 851 955 819 9826 923 13058 11846 9904 11751 6862 6875 11833 6946 6973 6788 3772 11891 9909 
1 17 9904 11751 6862 9750 9879 9907 1616 3976 9752 6606 6793 9582 11584 628 13582 6626 11735 
1 7 9990 12066 12098 10027 9856 11837 11998 
1 23 11998 11837 9784 6843 883 6939 3966 6831 9838 925 967 9924 782 6606 9752 3776 773 3780 607 9600 658 661 11623 
1 13 883 11803 819 9826 923 11846 9904 11751 6862 9794 6926 13626 925 
1 7 776 9741 771 6788 3773 6790 773 
1 4 782 6606 9752 6790 
1 5 656 9598 3604 603 3776 
1 5 11584 6656 3657 9613 13582 
1 5 4014 4159 1156 3857 10074 
1 5 11773 11874 11824 9772 6891 
1 9 663 9638 6683 13550 9618 9587 636 6635 776 
1 5 636 11604 663 11623 6680 
1 13 11506 9523 9507 6547 11463 3509 3495 527 9495 11508 9525 6572 3552 
1 9 11506 9523 3549 3534 553 11521 11535 3579 6449 
1 6 11506 9523 3549 9578 11563 9434 
1 4 11506 9534 6569 485 
1 5 11506 9561 454 11420 9500 
1 7 11506 9561 454 6504 11483 3536 11548 
1 2 3536 575 
1 7 11506 9561 11549 13011 9472 13081 3516 
1 9 11506 11491 6949 3506 9490 3669 3652 9642 6698 
1 20 11506 11491 6949 551 11732 3533 13665 6545 5291 11516 3629 1346 9503 6529 678 10779 6698 9658 680 3669 
1 12 11506 9523 9507 512 13862 6533 9492 9478 503 11465 9510 6536 
1 5 9492 3671 3659 655 6657 
1 16 9492 3671 11596 629 11582 595 11565 9737 6777 9710 743 3737 3933 9857 6878 3816 
1 21 3671 669 651 3626 620 9751 9734 6775 11702 6766 943 9723 6960 9898 11877 958 11834 911 3928 13497 9909 
1 11 9737 9717 11720 6775 11702 6766 3749 929 11699 11697 743 
1 21 9737 11565 595 625 620 3621 6648 11576 9607 3594 11593 6613 3589 6784 11573 9745 9738 6780 3782 776 3780 
1 16 512 6518 9644 667 9609 9607 3594 9748 769 6770 11709 760 9898 6960 3946 9853 
1 4 3652 648 11794 6613 
1 5 6583 9559 11502 3629 1346 
1 4 3589 780 11713 958 
1 10 11483 3576 516 3516 9444 9418 6583 11435 11470 11494 
1 7 6560 516 13068 9574 11562 9522 587 
1 11 3938 9767 6993 9785 11766 813 3816 790 11793 11821 915 
1 10 3938 9767 6993 9785 11766 813 3816 3954 13568 6966 
1 27 3938 13558 13573 6800 9778 9828 12083 4095 1176 11956 4065 10109 10024 4098 962 6959 6906 9896 6817 3873 6966 6812 9764 854 6927 9824 9853 
1 5 3938 6914 9852 6879 3945 
1 16 3816 11737 7213 871 3799 6906 6959 9889 4098 1093 11884 832 942 9757 6914 3938 
1 8 3938 6914 9757 942 832 9903 1093 10024 
1 33 3938 3794 9800 9846 11825 6936 903 885 11852 13563 740 11688 9703 6749 11707 3729 726 3920 4024 11825 918 920 3725 11840 11677 11692 6955 758 11710 9689 6734 9686 11677 
1 17 1176 7068 7198 4182 13569 7183 4080 11749 6954 931 9925 6866 9839 9917 11820 896 3938 
1 10 3938 13558 13573 6800 6832 6948 985 11780 6866 12512 
1 7 1048 7183 1178 875 3871 3810 6948 
1 5 9979 10009 4182 13569 10094 
1 5 11825 9846 3874 6867 874 
1 4 6867 13592 11756 9839 
1 9 885 11852 3902 6903 6878 3816 3954 13568 6966 
1 7 11805 3861 799 6924 9817 11673 6734 
1 8 11805 924 11768 970 980 3866 9765 6880 
1 6 11805 924 844 3926 9877 12512 
1 8 11805 3861 799 6924 9817 889 845 874 
1 10 7394 9284 6313 9310 303 3342 11293 3359 3242 3379 
1 3 3379 3242 385 
1 11 11297 9269 11382 364 9322 296 11221 6103 11333 13070 3501 
1 6 221 11374 6103 9239 507 9458 
1 12 6103 9239 6221 6270 9297 7239 3369 11471 6351 9484 3463 540 
1 7 6103 9239 11471 6351 9484 3463 540 
1 27 3369 6378 377 3241 6301 3301 3205 6384 6318 9315 9379 9332 11270 351 11299 11378 9392 9383 3273 6395 9237 9350 11218 11332 6399 6335 6384 
1 9 6103 11221 296 9322 364 11382 9315 6318 6384 
1 5 3273 9383 6300 3150 11136 
1 4 9383 159 11306 9075 
1 7 6287 6393 3260 3325 3277 13576 399 
1 7 11366 332 13576 3277 6364 6235 394 
1 25 6151 9036 6184 3059 6080 9204 9103 6115 11184 3007 147 69 11070 295 383 3307 6412 9362 6345 9279 11376 6120 11160 11327 11215 
1 13 6050 161 11082 11380 9393 6397 9406 9329 9251 11231 9410 9300 11376 
1 12 6050 161 11082 11188 9109 9209 6188 3063 3375 3286 6331 383 
1 9 6115 11078 9157 27 11037 9047 9170 6145 122 
1 25 6115 11078 9157 3021 11028 9227 11206 6118 3022 6038 3111 11049 3162 11052 46 3108 9035 125 9051 49 9117 11091 3182 9149 6050 
1 30 6050 9149 3182 11091 9117 49 9051 125 9035 205 130 6063 11185 118 11067 9220 6161 6083 9108 6165 6125 11073 201 6168 61 6170 6208 6130 3145 192 
1 14 11164 11081 158 11121 195 9156 63 9038 6138 3025 3137 9167 6144 11105 
1 9 11105 6144 9167 3137 3025 6138 9038 6013 3122 
1 5 11105 6108 11211 9194 3083 
1 13 11105 6144 67 9073 11138 9056 9163 11043 136 11141 11076 193 6146 
1 18 11105 6009 204 3161 3061 6186 9206 11162 3050 6150 3187 3133 3030 9061 3068 9169 193 6146 
1 5 3152 11426 11127 11443 4640 
1 6 9340 10323 11222 7482 310 6459 
1 5 9340 6222 3525 3194 3296 
1 12 310 11358 11226 9246 9374 530 6376 6229 6360 6296 327 3320 
1 10 9568 3543 525 3494 11454 488 3468 6478 9433 11437 
1 102 6380 301 3290 9235 11217 214 3339 6362 6410 9407 11344 11277 3352 6374 6253 9373 9307 11356 11243 6338 260 9336 3251 3300 6388 6278 7403 206 1380 10286 10314 361 3280 7320 10133 12287 1233 9292 1327 1292 10542 1775 1294 12521 4780 7800 1709 10696 12679 1733 1860 7825 7274 4866 7757 12631 7886 10712 10639 12691 4818 7713 10562 1810 10661 12540 4797 10543 1762 4837 10528 4766 12507 7860 10683 7786 4677 4719 12622 10559 12543 7851 10678 12657 7763 4725 10655 7801 12678 12261 4805 12189 10466 11643 6686 664 6684 11750 6989 957 3977 810 
1 48 10696 4700 12652 10600 3472 7774 7846 4824 10189 1543 9553 1821 10133 7320 3280 361 11228 7375 11352 7346 12203 9293 370 3027 3139 272 6124 9214 6089 3167 3103 3066 73 11075 9200 6180 6077 3056 9168 2 11099 9122 121 252 6356 9278 9378 6380 
1 19 6380 11282 3358 11250 3215 11315 2999 187 9111 6086 6035 6095 9164 11068 149 3151 3060 9100 9206 
1 22 6380 11282 3358 366 11326 11349 6264 9242 3344 248 320 9234 11109 11072 117 11139 6197 6174 3151 3060 9100 9206 
1 6 6174 11080 181 3120 126 4640 
1 9 11080 181 6139 9098 95 11097 11202 415 592 
1 18 6380 11282 3358 366 11326 11349 6264 9242 3344 9287 354 6293 323 9323 6249 6326 3219 6459 
1 18 6174 6197 11139 117 11072 11109 9234 320 248 3344 9287 354 6293 323 11241 13380 3331 11322 
1 10 9289 6233 6344 9288 546 9506 3480 6458 11557 525 
1 43 6380 6414 6348 3263 11300 11235 11284 6252 3335 3306 288 3225 9566 6508 3480 6458 11557 9543 11530 9519 559 11504 511 6578 11397 418 9556 3531 6530 502 3479 9461 9446 11434 9417 585 9744 3765 3752 3734 11729 3760 11668 
1 12 11437 453 472 486 3449 6776 6420 3421 6474 6505 3479 9461 
1 18 418 9449 3492 558 3580 9260 9328 9355 11368 11242 3292 6262 6396 9395 9282 9348 6414 6380 
1 19 418 9556 3409 11439 6432 9424 473 11475 3527 413 6341 6398 3346 3199 6279 3356 9330 11268 9395 
1 30 9417 11434 11450 11459 500 509 9516 3505 6527 3529 11474 520 6516 6486 9455 11429 6620 9753 757 6758 3726 6748 700 6701 3668 4463 7624 4458 7495 7661 
1 18 3765 6768 9709 735 11696 748 6753 11678 714 9649 685 11614 9628 670 3672 666 6689 3668 
1 7 3527 510 11412 6591 9565 11476 11459 
1 18 6380 301 11362 6316 378 280 357 3268 6392 6295 6299 11375 6327 9325 3383 3282 9259 11356 
1 18 11344 11394 11262 11309 9286 9258 9409 6382 6328 6492 3465 9422 471 11436 9312 9339 6369 6398 
1 13 471 9422 3465 6492 433 11551 6563 518 11423 9436 3582 9504 3529 
1 3 11551 3426 3578 
1 15 11068 9197 70 11174 3140 172 9107 11165 11083 81 9207 11189 9131 2996 9168 
1 25 70 11059 11153 6057 90 11159 9118 3033 11092 155 11175 6021 94 9195 3189 6029 86 3008 9162 3121 6181 178 9201 11117 3134 
1 8 3338 3075 3065 9130 72 3157 6097 9131 
1 22 9258 11269 3317 286 3276 3246 6226 6275 11225 11377 11256 3265 4324 4283 1305 1278 12117 10142 10329 1334 12157 9292 
1 17 11225 11348 393 3357 3330 6515 9420 12128 12298 1210 1406 4261 10224 10196 7281 4215 10256 
1 14 6380 3391 3327 401 335 11254 9382 6387 3362 306 11290 11220 3331 9289 
1 6 7661 1536 4614 4477 1610 11674 
1 8 3653 772 3658 6671 1599 12309 4605 11674 
1 2 7860 4705 
1 19 1150 3783 964 11764 9781 987 11771 846 9831 930 4633 4561 4506 12485 4876 4745 13871 7743 4719 
1 14 11771 9885 11808 916 4642 4572 4503 7652 12412 9782 10503 12482 6811 810 
1 14 4572 1567 7663 9913 9928 11893 6964 973 9766 11906 6811 810 3977 957 
1 5 4506 1588 12618 12548 4725 
1 11 957 3977 810 6811 12482 10503 9782 12412 7526 1645 4506 
1 11 11771 6951 11815 7790 9835 3900 1052 12043 10068 11761 9843 
1 14 7125 12040 11915 10065 4052 9790 912 11835 6981 3970 3839 3895 9885 11771 
1 14 7125 9981 848 6928 3981 3852 6922 959 6822 898 6944 9897 973 9766 
1 8 7125 7221 7204 10115 1081 12089 4086 4056 
1 7 11948 10110 4126 7175 7204 7221 7125 
1 8 12043 11822 3955 9768 1489 7545 12403 10424 
1 5 9843 6904 10397 7545 12432 
1 13 9843 11761 1134 12026 7109 4032 1188 1169 4058 10421 1519 1115 4174 
1 10 10068 4137 9969 11980 7189 1069 12045 4071 7089 13669 
1 17 8049 12156 1976 4256 7406 12408 4547 7508 1004 10364 7656 10098 9995 11973 1121 1076 1029 
1 16 7101 10517 7097 9999 4631 4619 7167 9934 7580 7568 12012 10364 9958 1139 4144 1169 
1 23 9974 7058 1096 11991 7191 4042 12076 7014 12052 10076 7120 996 11913 1146 10008 7094 10040 9995 7085 7025 10043 4037 1069 
1 7 1628 7653 3992 4083 7172 7199 1053 
1 6 10062 7108 1047 12095 1120 9970 
1 17 1319 7446 4501 1522 12319 10075 12075 4075 1185 11936 10016 4397 12297 7280 1302 4379 10309 
1 6 4401 12232 10232 12204 1285 10162 
1 25 1182 9998 7157 7087 12097 10125 7187 4172 4142 11960 7072 13865 12031 7212 11946 1092 10052 11985 1025 7110 4164 11925 12006 1183 4102 
1 12 9950 7110 1025 11985 7050 1191 7145 1167 10055 9985 1136 11960 
1 16 1182 4188 4100 7016 4118 1024 7169 12056 3848 6994 9859 3962 7532 10444 10512 12421 
1 11 6994 9865 1063 4067 11930 1117 12007 10128 10032 7102 4172 
1 5 1182 1097 11908 11989 12007 
1 3 7187 10015 11908 
1 8 12189 7266 3963 12136 1343 4290 3664 12559 
1 8 664 11765 3811 11745 11904 9895 6961 957 
1 9 7408 10250 10221 12173 10411 7572 7353 7492 1488 
1 23 7408 1427 12122 12220 4388 1308 10158 12201 4312 1337 4371 7236 12144 1291 7342 13543 12215 1376 10297 4412 7427 4424 12299 
1 4 7408 10250 12195 10438 
1 11 1330 12127 1417 12256 4626 4585 1492 7469 12464 1082 4425 
1 7 10344 10283 10154 1330 12127 4336 1403 
1 10 7381 4406 1425 4621 4434 7642 10135 12293 4390 4608 
1 18 12406 7520 10388 4478 4658 10500 12451 10445 7564 7535 7522 4481 12308 10475 10487 10460 4560 7566 
1 3 12406 12435 7859 
1 14 12406 12435 10682 10455 1667 7755 12576 7798 4776 12932 12924 12910 10925 5225 
1 21 12406 1537 10427 12377 11019 2114 8249 5211 5225 8186 10927 8165 5197 12948 2191 10969 8200 10949 10983 2157 1652 
1 4 7669 1431 12104 1454 
1 8 1814 4804 12617 7783 1713 7887 1565 4543 
1 4 1814 4804 7692 1801 
1 4 2211 2203 5195 2197 
1 9 3152 567 83 3174 11291 308 6408 9221 592 
1 9 9262 11246 6342 265 9340 9240 10493 3388 6408 
1 6 281 3288 6314 3354 9483 6376 
1 5 2086 11955 10794 5086 12137 
1 10 12717 10173 4979 10887 12005 12822 10729 13853 2032 2086 
1 11 5075 12761 8013 5105 8098 10735 1971 10898 8007 9084 10887 
1 7 2086 12868 7998 2002 10772 10066 9084 
1 9 2086 2054 1908 4984 10847 1980 4110 10108 3456 
1 9 1908 4149 12886 1199 1103 9975 1144 7207 4132 
1 21 9975 11952 7150 4187 7013 1349 12269 12182 10210 12295 7250 12105 4278 5032 10208 8100 8011 12734 4420 7436 10278 
1 18 10278 12180 10152 1430 4321 7340 7297 4237 10255 10001 7090 12462 10116 10088 12063 4104 4062 4245 
1 12 12137 1377 4299 9973 10751 4516 4544 7537 7593 4644 10077 4245 
1 15 4187 4072 7060 7430 10030 13857 4883 4557 12420 10401 7574 9946 10428 1538 1059 
1 5 4104 1059 1444 12035 12307 
1 8 12137 5055 5040 5096 4953 11995 4950 10030 
1 8 12137 2036 4045 5040 7938 10332 1569 4516 
1 8 4245 10077 4644 7593 12452 1637 10471 10332 
1 11 7340 4280 12114 4472 8087 10324 1359 12142 4353 10270 1349 
1 6 8087 5104 10259 10756 4414 10208 
1 6 10756 10296 12779 7310 1344 7436 
1 2 1359 5104 
1 6 10278 7436 1268 10246 4416 7265 
1 4 1321 7288 1409 4416 
1 8 10190 7391 7447 10274 7363 8067 10808 12734 
1 8 9991 12010 11968 11929 9993 12423 1497 12366 
1 7 7455 10349 13873 10443 4616 1609 10077 
1 5 4644 7662 7565 13873 12338 
1 3 10201 7344 7260 
1 34 7477 7563 7635 12491 12333 8099 10414 1649 10470 13206 7501 7777 7682 10187 11687 10148 10366 12397 7597 12329 7657 7600 7243 4300 4374 4227 1314 12294 10253 7370 4294 1254 4322 12128 
1 10 5005 7953 1922 12756 1982 10922 10837 10768 10385 7602 
1 10 12726 1901 8001 13747 7994 2097 12046 3795 1600 10106 
1 16 2097 12046 3795 12372 2013 13742 1072 11919 4550 4111 1074 7170 7151 4574 4591 11976 
1 6 11853 12450 6991 10472 3564 12320 
1 12 9833 11829 11811 6871 3951 6808 9806 11784 11747 9844 6938 979 
1 17 12473 3889 806 11746 6956 6888 961 9830 9763 6807 9755 940 11860 3876 9878 3983 3951 
1 4 7620 9893 13740 6956 
1 10 11747 804 11844 3807 3964 919 3903 3935 9915 11881 
1 9 6912 11778 9921 928 11898 981 856 11831 3951 
1 8 9878 6945 11796 3927 6992 7130 4112 928 
1 5 12473 7140 10087 1108 792 
1 5 1086 4206 1201 1065 7170 
1 7 4073 12049 1155 11979 4161 4088 4206 
1 3 10835 2027 11976 
